1.127227433904788523e+00 5.454701510335127068e-01 1.262342857641692184e+00 1.000000000000000056e-01
1.403399302209733968e+00 1.718653150322109191e-01 2.018996005787427883e+00 1.000000000000000056e-01
1.140086651015479013e+00 8.529318094853017840e-01 1.371899809743871046e+00 1.000000000000000056e-01
1.577308079461550605e+00 1.802234107934909124e-01 1.797444551780057687e+00 1.000000000000000056e-01
1.216833368609840704e+00 5.887000501236938632e-01 1.707088292522636053e+00 1.000000000000000056e-01
1.999838828402976443e+00 1.207749007021031717e-01 1.582488371958785667e+00 1.000000000000000056e-01
1.444953417998518397e+00 5.546987504607484576e-01 1.587099194467858743e+00 1.000000000000000056e-01
1.163511168474964386e+00 8.202617803816458775e-02 1.685102156237740623e+00 1.000000000000000056e-01
1.336658076102105408e+00 9.927051747471592469e-01 1.075078253505739267e+00 1.000000000000000056e-01
1.119920034391800323e+00 2.527192614048323627e-01 2.130117408064173379e+00 1.000000000000000056e-01
1.562785494965764688e+00 5.329600134943397460e-01 1.857624714664154242e+00 1.000000000000000056e-01
1.300080942507595871e+00 8.921390974896605819e-01 1.095927950860109412e+00 1.000000000000000056e-01
1.368757800139063896e+00 2.420936256921530916e-01 1.802701759436300399e+00 1.000000000000000056e-01
1.471620780664328221e+00 4.176207390713759793e-01 1.182990550863747270e+00 1.000000000000000056e-01
1.594275258673484519e+00 8.679454838383429127e-01 8.324147761363477338e-01 1.000000000000000056e-01
1.001359917791860177e+00 2.863302410874564163e-01 1.999289979131904982e+00 1.000000000000000056e-01
1.146955460248045622e+00 1.376996636928893292e-01 1.961706715111704913e+00 1.000000000000000056e-01
1.474729113715794071e+00 5.079360233397933744e-02 1.520525510741897790e+00 1.000000000000000056e-01
1.570565691895331240e+00 9.282908716142157513e-01 1.219583424566669905e+00 1.000000000000000056e-01
1.518436101894725443e+00 7.799501422424318653e-01 1.232889703103440704e+00 1.000000000000000056e-01
1.869549633042161041e+00 6.944745088808786937e-01 1.584466937172737788e+00 1.000000000000000056e-01
1.273427847559839732e+00 9.534386673937157441e-01 1.086403295141133762e+00 1.000000000000000056e-01
1.748960535674552119e+00 9.319422792028977387e-01 1.343013690840054952e+00 1.000000000000000056e-01
1.937727086044542801e+00 2.073995372474195520e-01 1.296592074531628169e+00 1.000000000000000056e-01
1.991805663343682697e+00 2.233569824353590638e-01 1.014732513934843761e+00 1.000000000000000056e-01
1.595327074290829206e+00 9.975183649415176879e-01 1.502870202984972536e+00 1.000000000000000056e-01
1.629010216065558847e+00 4.920633047872412513e-01 1.719516790843484078e+00 1.000000000000000056e-01
1.739369699369812228e+00 2.257748745674382773e-01 1.329301498627325051e+00 1.000000000000000056e-01
1.081024144888655281e+00 9.877161622137485830e-01 1.030962953810309557e+00 1.000000000000000056e-01
1.423258782397152977e+00 7.565907412432131274e-01 1.609964879334496946e+00 1.000000000000000056e-01
1.813983280665389941e+00 5.825829909017841146e-01 1.956509983286540688e+00 1.000000000000000056e-01
1.662903194472726831e+00 5.660271514522862146e-01 1.942928368364374991e+00 1.000000000000000056e-01
1.412370892490299790e+00 3.718433736779390708e-01 1.250961183807074661e+00 1.000000000000000056e-01
1.159732738625828041e+00 4.529635627053816282e-01 1.084540550145815851e+00 1.000000000000000056e-01
1.900078419218827808e+00 8.172683059523067062e-01 1.026400033612402840e+00 1.000000000000000056e-01
1.731453967420641726e+00 1.020065259396191193e-01 2.097194129207053948e+00 1.000000000000000056e-01
1.840143877566781772e+00 9.171564649848776840e-01 1.241080566739457769e+00 1.000000000000000056e-01
1.297192664754598379e+00 4.387118738031781096e-02 1.460423262349291429e+00 1.000000000000000056e-01
1.517865470545010975e+00 5.745485989594910636e-01 1.937913073545771470e+00 1.000000000000000056e-01
1.191548746095705269e+00 1.804989867583401963e-01 1.982619297833120520e+00 1.000000000000000056e-01
1.370865152994312108e+00 6.357016644267466932e-01 1.954854370350653570e+00 1.000000000000000056e-01
1.015107509546417930e+00 8.941434465131087306e-01 1.332523912282761014e+00 1.000000000000000056e-01
1.120621854014876462e+00 6.555599407644814303e-01 1.920545607512718300e+00 1.000000000000000056e-01
1.807680655104647371e+00 2.542248703657359332e-01 1.206862047241411329e+00 1.000000000000000056e-01
1.823852908925500671e+00 5.965790193671325348e-01 1.919828475719835836e+00 1.000000000000000056e-01
1.590834208433750785e+00 9.198771753846565202e-01 1.197483194197552336e+00 1.000000000000000056e-01
1.682142575534913753e+00 7.745410754452819457e-01 1.074585541363820118e+00 1.000000000000000056e-01
1.006531041375149371e+00 2.909945449894476566e-01 1.745053424433994360e+00 1.000000000000000056e-01
1.459832210320955781e+00 6.868297753711171127e-01 1.849818569400855539e+00 1.000000000000000056e-01
1.748897177008484460e+00 4.333213926927000914e-01 1.139173301967500329e+00 1.000000000000000056e-01
1.961121472082195893e+00 3.015983729799538438e-01 7.618510598570066294e-01 1.000000000000000056e-01
1.989629547710053403e+00 3.564721213174280035e-01 1.273314228130178805e+00 1.000000000000000056e-01
1.424685185949385424e+00 2.541194488793193651e-01 1.558125451011071139e+00 1.000000000000000056e-01
1.513368899604732754e+00 1.807721515071714080e-02 1.541578187395999944e+00 1.000000000000000056e-01
1.376386147154440742e+00 9.715847857139079391e-01 1.159390134148836626e+00 1.000000000000000056e-01
1.590095045320254918e+00 5.837140531296624024e-01 2.095271787161744115e+00 1.000000000000000056e-01
1.842742962466357159e+00 6.223615092006740124e-02 1.957064342888374053e+00 1.000000000000000056e-01
1.355562399913898597e+00 6.259296245969935280e-01 1.990956543084635211e+00 1.000000000000000056e-01
1.112885958434316702e+00 6.059266495830913923e-01 1.938180060592793685e+00 1.000000000000000056e-01
1.164222434702706366e+00 2.768954548936158888e-01 1.611147419967151828e+00 1.000000000000000056e-01
1.690069411560233270e+00 4.464339662292287070e-01 1.385453713146602484e+00 1.000000000000000056e-01
1.788876206697212368e+00 4.066097720576533625e-01 1.010599749985042539e+00 1.000000000000000056e-01
1.381312388301068506e+00 9.366168739867879456e-01 1.168971599662961047e+00 1.000000000000000056e-01
1.516629456598356462e+00 4.224088218755424062e-01 1.021990507382472879e+00 1.000000000000000056e-01
1.273207124432954362e+00 9.965790069172225651e-01 1.198390481078606351e+00 1.000000000000000056e-01
1.640662589990894427e+00 6.520348296581751635e-01 2.085614856040074461e+00 1.000000000000000056e-01
1.611401998516605927e+00 4.923361663025185297e-01 1.504760607327177091e+00 1.000000000000000056e-01
1.706132161441220596e+00 8.342774151503150604e-01 1.145680050237078751e+00 1.000000000000000056e-01
1.768502357463671792e+00 7.451418552936196482e-01 1.199458897342281283e+00 1.000000000000000056e-01
1.726880596570840476e+00 2.104730745662499736e-01 1.547105437817799523e+00 1.000000000000000056e-01
1.582450152235791663e+00 7.047366728852576534e-01 1.695109438806547297e+00 1.000000000000000056e-01
1.150911514594517682e+00 2.717499067518166500e-01 1.706389896831318698e+00 1.000000000000000056e-01
1.622734878515497581e+00 7.144321358859776483e-01 1.493539816108363727e+00 1.000000000000000056e-01
1.399539032258074744e+00 5.412049507656184755e-01 1.701775823780688368e+00 1.000000000000000056e-01
1.409971199482641602e+00 8.072504687626111952e-01 1.141669380594285022e+00 1.000000000000000056e-01
1.898051005246103262e+00 8.246074043701010492e-01 8.042160137305101042e-01 1.000000000000000056e-01
1.844730411100738543e+00 5.203314031510416493e-01 2.025369302964283413e+00 1.000000000000000056e-01
1.780550291410200936e+00 8.044747053428968897e-02 2.022042905827376558e+00 1.000000000000000056e-01
1.376495976297527957e+00 6.991516731255009720e-02 1.714772227627017642e+00 1.000000000000000056e-01
1.697843525206619297e+00 4.467682821522790393e-01 1.329884586658252266e+00 1.000000000000000056e-01
1.753230879182530622e+00 8.179679985197901848e-01 1.342429415016296979e+00 1.000000000000000056e-01
1.309784793919282375e+00 1.557322095234715542e-01 2.102128230800109687e+00 1.000000000000000056e-01
1.025553411496130662e+00 1.928763843280727475e-01 1.845505073590715028e+00 1.000000000000000056e-01
1.947498899318009347e+00 6.315053791192599686e-01 1.606936010414583116e+00 1.000000000000000056e-01
1.229315757257356756e+00 1.459376123233635525e-01 2.000508253868486186e+00 1.000000000000000056e-01
1.087363053714647254e+00 3.581451346836936889e-01 1.432631893983866256e+00 1.000000000000000056e-01
1.468172184284708637e+00 5.383721581820191115e-01 1.729897549075000596e+00 1.000000000000000056e-01
1.049613822390764284e+00 4.187829436092653790e-01 1.033895730264021928e+00 1.000000000000000056e-01
1.350591436120559319e+00 6.816626591611840702e-01 1.874495855375316822e+00 1.000000000000000056e-01
1.725992227101063481e+00 6.748115107305565630e-01 1.747321122389136949e+00 1.000000000000000056e-01
1.867043378702511802e+00 8.632026212803505238e-01 1.090405466999967210e+00 1.000000000000000056e-01
1.625402695868744196e+00 7.385850636675884706e-01 1.426930295927374193e+00 1.000000000000000056e-01
1.972883032151984573e+00 3.751759378132279998e-02 2.065009629426963311e+00 1.000000000000000056e-01
1.280477658330593460e+00 1.485626927065633041e-01 2.075948040768779368e+00 1.000000000000000056e-01
1.522169181617643918e+00 8.963696695419027805e-01 1.106797150886785097e+00 1.000000000000000056e-01
1.075683745922479062e+00 5.186802443901338266e-01 1.056860258326757673e+00 1.000000000000000056e-01
1.298706731215262256e+00 5.188376936278542573e-01 1.422632440232785900e+00 1.000000000000000056e-01
1.381539455013765405e+00 1.098081024646735404e-02 1.401313499332120793e+00 1.000000000000000056e-01
1.467556196160879178e+00 2.420099417576693224e-01 1.449066336225704799e+00 1.000000000000000056e-01
1.641622905828240553e+00 7.399461587274266394e-01 1.335676205606975087e+00 1.000000000000000056e-01
